#Scene file of FireFlux2 - Fire Simulation						

#Terrain						
#name	cellWidth(m)	altitude(m)	xMin	yMin	xMax	yMax
Terrain0	10	0	0	0	1200	800

#Polygons (optionnal)						
#fileId	"{(x1,y1);(x2,y2)...}"

# F1					
1	{(150,0);(190,0);(190,250);(150,250)}
# F2					
2	{(150,384);(226,384);(226,800);(150,800)}
# F3					
3	{(260,580);(1200,580);(1200,800);(260,800)}
# F4					
4	{(346,290);(476,290);(476,424);(346,424)}
# F5					
5	{(718,0);(1200,0);(1200,116);(718,116)}
# F6					
6	{(240,0);(262,0);(262,116);(240,116)}
# M					
7	{(262,0);(718,0);(718,116);(262,116)}
# GBurnt					
8	{(476,160);(1200,160);(1200,430);(930,430);(930,570);(476,570)}
# GNorth					
9	{(0,0);(150,0);(150,800);(0,800)}
# GBlock					
10	{(476,424);(476,570);(260,570);(260,300);(346,300);(346,424)}
# CutGrass					
11	{(190,0);(240,0);(240,116);(1200,116);(1200,160);(476,160);(476,290);(346,290);(346,300);(260,300);(260,570);(930,570);(930,430);(1200,430);(1200,580);(260,580);(260,800);(226,800);(226,384);(150,384);(150,250);(190,250)}

#LayerSet
#LayerSetNumber polygonId  (a polygon can be attached to several layerSets...
1	1
2	1
3	2
4	2
5	3
6	3
7	4
8	4
9	5
10	5
11	6
12	6
13	7
14	7
15	8
16	9
17	10
18	11

#Layer properties
#LayerSetNumber	speciesName	height	baseHeight	coverFraction	characteristicSize	spatialGroup	aliveMoistureContent deadMoistureContent aliveBulkDensity deadBulkDensity mvr svr	
1	Trees	12.0	2.0	0.80	6.	0	200.0	0.0	0.05	0.0	500.0	6000.0
2	Trees_UT1	0.1	0.0	1.0	2.	1	100.0	13.	0.00	0.5	500.0	5000.0
2	Trees_UT2	0.8	0.0	0.50	2.	2	100.0	13	0.05	0.0	500.0	5000.0
3	Trees	12.0	2.0	0.80	6.	0	200.0	0.0	0.05	0.0	500.0	6000.0
4	Trees_UT1	0.1	0.0	1.0	2.	1	100.0	13.	0.00	0.5	500.0	5000.0
4	Trees_UT2	0.8	0.0	0.50	2.	2	100.0	13	0.05	0.0	500.0	5000.0
5	Trees	12.0	2.0	0.80	6.	0	200.0	0.0	0.05	0.0	500.0	6000.0
6	Trees_UT1	0.1	0.0	1.0	2.	1	100.0	13.	0.00	0.5	500.0	5000.0
6	Trees_UT2	0.8	0.0	0.50	2.	2	100.0	13	0.05	0.0	500.0	5000.0
7	Trees	12.0	2.0	0.80	6.	0	200.0	0.0	0.05	0.0	500.0	6000.0
8	Trees_UT1	0.1	0.0	1.0	2.	1	100.0	13.	0.00	0.5	500.0	5000.0
8	Trees_UT2	0.8	0.0	0.50	2.	2	100.0	13	0.05	0.0	500.0	5000.0
9	Trees	12.0	2.0	0.80	6.	0	200.0	0.0	0.05	0.0	500.0	6000.0
10	Trees_UT1	0.1	0.0	1.0	2.	1	100.0	13.	0.00	0.5	500.0	5000.0
10	Trees_UT2	0.8	0.0	0.50	2.	2	100.0	13	0.05	0.0	500.0	5000.0
11	Trees	12.0	2.0	0.80	6.	0	200.0	0.0	0.05	0.0	500.0	6000.0
12	Trees_UT1	0.1	0.0	1.0	2.	1	100.0	13.	0.00	0.5	500.0	5000.0
12	Trees_UT2	0.8	0.0	0.50	2.	2	100.0	13	0.05	0.0	500.0	5000.0
13	Trees_Sparse	12.0	2.0	0.1	10.	0	200.0	0.0	0.05	0.0	500.0	6000.0
14	LowGrass	0.1	0.	1.0	0	1	200.0	0.0	0.5	0.0	500.0	5000.0
15	Grass	1.5	0.0	0.96	2.	0	200.0	13.0	0.0	0.6933	500.0	5000.0
15	Shrub	1.5	0.0	0.04	2.	0	200.0	13.0	0.6933	0.0	500.0	5000.0
16	Grass	1.5	0.0	0.96	2.	0	200.0	13.0	0.0	0.6933	500.0	5000.0
16	Shrub	1.5	0.0	0.04	2.	0	200.0	13.0	0.6933	0.0	500.0	5000.0
17	Grass	1.5	0.0	0.96	2.	0	200.0	13.0	0.0	0.6933	500.0	5000.0
17	Shrub	1.5	0.0	0.04	2.	0	200.0	13.0	0.6933	0.0	500.0	5000.0
18	LowGrass	0.1	0.	1.0	0	1	200.0	0.0	0.5	0.0	500.0	5000.0
