Job 1 Tree T1012717 Log 1
6
0 0 0 516 516 0
0 0 628 490 490 0
0 0 1733 462 462 0
0 0 3093 446 446 0
0 0 4620 436 436 0
0 0 5100 430 430 0
Job 1 Tree T1012717 Log 2
5
0 0 0 430 430 0
0 0 1162 428 428 0
0 0 2880 418 418 0
0 0 4648 406 406 0
0 0 5100 397 397 0
Job 1 Tree T1012717 Log 3
5
0 0 0 397 397 0
0 0 1345 394 394 0
0 0 3154 380 380 0
0 0 4963 364 364 0
0 0 5100 349 349 0
Job 1 Tree T1012717 Log 4
4
0 0 0 349 349 0
0 0 1662 348 348 0
0 0 3442 332 332 0
0 0 5100 331 331 0
Job 1 Tree T1012717 Log 5
7
0 0 0 331 331 0
0 0 98 316 316 0
0 0 1823 298 298 0
0 0 3514 282 282 0
0 0 5168 264 264 0
0 0 6781 248 248 0
0 0 8100 245 245 0
Job 1 Tree T1012717 Log 6
8
0 0 0 245 245 0
0 0 253 230 230 0
0 0 1781 212 212 0
0 0 3266 194 194 0
0 0 4705 176 176 0
0 0 6100 156 156 0
0 0 7758 132 132 0
0 0 8100 115 115 0
Job 1 Tree T1012718 Log 7
9
0 0 0 276 276 0
0 0 492 258 258 0
0 0 1357 240 240 0
0 0 2422 228 228 0
0 0 3619 222 222 0
0 0 4905 218 218 0
0 0 6250 212 212 0
0 0 7635 206 206 0
0 0 8100 200 200 0
Job 1 Tree T1012718 Log 8
8
0 0 0 200 200 0
0 0 942 198 198 0
0 0 2359 192 192 0
0 0 3776 184 184 0
0 0 5185 174 174 0
0 0 6580 166 166 0
0 0 7955 158 158 0
0 0 8100 149 149 0
