1
User selection of trees to buck into logs. Copied from D:\pontd\P11PFGQ\GMWQ\TREEGROW\SYSTEM1\DEMO\T1012717.SGD and T1012718.SGD
5
5100 300
4100 300
8100 200
6100 200
8100 100
2
T1012717
28
0 0 0 258 258 0
0 0 628 245 245 0
0 0 1733 231 231 0
0 0 3093 223 223 0
0 0 4620 218 218 0
0 0 6262 214 214 0
0 0 7980 209 209 0
0 0 9748 203 203 0
0 0 11545 197 197 0
0 0 13354 190 190 0
0 0 15163 182 182 0
0 0 16962 174 174 0
0 0 18742 166 166 0
0 0 20498 158 158 0
0 0 22223 149 149 0
0 0 23914 141 141 0
0 0 25568 132 132 0
0 0 27181 124 124 0
0 0 28753 115 115 0
0 0 30281 106 106 0
0 0 31766 97 97 0
0 0 33205 88 88 0
0 0 34600 78 78 0
0 0 36258 66 66 0
0 0 37573 55 55 0
0 0 38846 43 43 0
0 0 40078 29 29 0
0 0 41269 0 0 0
98
0 0 99 12
309  0.34 15  0.58 0
297  2.74 11  0.53 0
288  5.14 9  0.47 0
280  1.25 7  0.42 0
274  3.65 5  0.37 0
269  6.05 4  0.33 0
265  2.17 4  0.28 0
263  4.57 3  0.24 0
261  0.69 2  0.21 0
259  3.09 2  0.18 0
258  5.49 2  0.15 0
257  1.60 1  0.13 0
0 0 239 5
341  5.91 36  0.66 0
331  2.02 28  0.64 0
322  4.42 22  0.63 0
313  0.54 17  0.60 0
303  2.94 14  0.56 0
0 0 352 1
286  2.66 10  0.50 0
0 0 503 5
327  4.65 29  0.65 0
317  0.77 22  0.63 0
307  3.17 17  0.60 0
297  5.57 14  0.56 0
288  1.68 11  0.52 0
0 0 622 3
338  5.82 43  0.66 0
329  1.94 33  0.65 0
320  4.34 25  0.64 0
0 0 964 7
303  2.42 19  0.61 0
291  4.82 14  0.57 0
281  0.93 11  0.53 0
272  3.33 9  0.48 0
265  5.73 7  0.43 0
259  1.85 6  0.38 0
254  4.25 5  0.33 0
0 0 1382 11
279  1.30 12  0.54 0
268  3.70 9  0.49 0
260  6.10 7  0.43 0
253  2.21 6  0.38 0
248  4.61 5  0.33 0
244  0.73 4  0.29 0
242  3.13 3  0.25 0
240  5.53 2  0.21 0
238  1.65 2  0.18 0
237  4.05 2  0.15 0
236  0.16 1  0.13 0
0 0 1721 5
296  1.37 20  0.62 0
285  3.77 15  0.58 0
275  6.17 12  0.54 0
266  2.29 10  0.49 0
258  4.69 8  0.44 0
0 0 2006 5
309  3.55 32  0.65 0
299  5.95 24  0.63 0
290  2.07 19  0.61 0
280  4.47 15  0.57 0
271  0.58 12  0.53 0
0 0 2265 5
257  2.23 8  0.46 0
248  4.63 6  0.40 0
242  0.75 5  0.35 0
238  3.15 4  0.30 0
235  5.55 3  0.26 0
0 0 2491 2
306  2.12 32  0.65 0
296  4.52 24  0.63 0
0 0 2833 6
237  1.02 4  0.33 0
233  3.42 3  0.27 0
230  5.82 3  0.23 0
228  1.94 2  0.19 0
227  4.34 2  0.16 0
226  0.45 1  0.13 0
0 0 3084 4
307  3.49 36  0.66 0
297  5.89 27  0.64 0
288  2.01 21  0.62 0
279  4.41 17  0.59 0
0 0 3997 5
265  2.03 13  0.55 0
255  4.43 10  0.50 0
246  0.55 8  0.44 0
240  2.95 6  0.39 0
235  5.35 5  0.34 0
0 0 4599 8
262  1.06 13  0.54 0
251  3.46 9  0.49 0
243  5.86 7  0.43 0
237  1.97 6  0.38 0
232  4.37 5  0.33 0
228  0.49 4  0.29 0
225  2.89 3  0.25 0
223  5.29 2  0.21 0
0 0 5584 8
276  5.83 20  0.61 0
265  1.94 15  0.57 0
256  4.34 12  0.53 0
247  0.46 9  0.48 0
240  2.86 7  0.43 0
234  5.26 6  0.38 0
230  1.38 5  0.34 0
226  3.78 4  0.29 0
0 0 6232 11
286  1.07 27  0.64 0
275  3.47 20  0.62 0
266  5.87 16  0.58 0
257  1.98 13  0.54 0
248  4.38 10  0.50 0
241  0.50 8  0.45 0
235  2.90 6  0.40 0
230  5.30 5  0.36 0
226  1.42 4  0.31 0
223  3.82 3  0.27 0
220  6.22 3  0.23 0
0 0 7269 9
275  4.76 22  0.62 0
264  0.87 17  0.59 0
254  3.27 13  0.55 0
246  5.67 10  0.50 0
238  1.79 8  0.45 0
232  4.19 7  0.41 0
227  0.31 5  0.36 0
223  2.71 4  0.31 0
220  5.10 3  0.27 0
0 0 7956 9
284  1.09 30  0.65 0
274  3.49 23  0.63 0
264  5.89 18  0.60 0
255  2.01 14  0.56 0
247  4.41 11  0.52 0
239  0.52 9  0.47 0
232  2.92 7  0.43 0
227  5.32 6  0.38 0
223  1.44 5  0.33 0
0 0 8401 8
209  3.51 1  0.13 0
209  5.91 1  0.10 0
208  2.03 1  0.08 0
208  4.43 1  0.07 0
208  0.54 1  0.06 0
208  2.94 0  0.05 0
208  5.34 0  0.04 0
208  1.46 0  0.03 0
0 0 8855 4
239  0.92 10  0.50 0
230  3.32 8  0.43 0
224  5.72 6  0.38 0
219  1.84 5  0.33 0
0 0 9353 9
222  1.02 6  0.38 0
216  3.42 4  0.32 0
213  5.82 3  0.27 0
210  1.93 3  0.23 0
209  4.33 2  0.19 0
207  0.45 2  0.16 0
207  2.85 1  0.14 0
206  5.25 1  0.12 0
205  1.36 1  0.10 0
0 0 9745 2
253  4.36 16  0.58 0
242  0.48 12  0.53 0
0 0 10101 9
265  5.14 23  0.63 0
255  1.26 17  0.59 0
245  3.66 14  0.55 0
237  6.06 11  0.51 0
229  2.18 9  0.46 0
223  4.58 7  0.41 0
218  0.69 6  0.37 0
214  3.09 5  0.32 0
211  5.49 4  0.28 0
0 0 10434 12
202  3.65 1  0.12 0
202  6.05 1  0.10 0
201  2.17 1  0.08 0
201  4.57 1  0.06 0
201  0.68 0  0.05 0
201  3.08 0  0.04 0
201  5.48 0  0.04 0
201  1.60 0  0.03 0
201  4.00 0  0.02 0
201  0.12 0  0.02 0
201  2.52 0  0.02 0
201  4.92 0  0.01 0
0 0 10742 5
245  6.09 15  0.57 0
235  2.21 11  0.51 0
227  4.61 9  0.46 0
220  0.73 7  0.41 0
215  3.13 5  0.36 0
0 0 11221 1
273  1.43 34  0.65 0
0 0 11530 6
282  3.72 44  0.66 0
272  6.12 34  0.65 0
264  2.24 26  0.64 0
255  4.64 21  0.62 0
247  0.75 17  0.59 0
239  3.15 13  0.55 0
0 0 11961 13
279  1.61 44  0.66 0
269  4.01 33  0.65 0
261  0.12 26  0.64 0
253  2.52 21  0.61 0
244  4.92 17  0.58 0
236  1.04 13  0.55 0
228  3.44 11  0.51 0
222  5.84 9  0.46 0
216  1.95 7  0.41 0
211  4.35 6  0.37 0
207  0.47 5  0.33 0
204  2.87 4  0.28 0
202  5.27 3  0.25 0
0 0 12437 5
264  5.60 30  0.65 0
254  1.72 23  0.62 0
245  4.12 18  0.60 0
236  0.24 14  0.56 0
171  2.64 2  0.00 22
0 0 12971 2
265  2.31 33  0.65 0
255  4.71 25  0.63 0
0 0 13336 7
240  4.66 18  0.59 0
229  0.78 13  0.55 0
221  3.18 10  0.50 0
214  5.58 8  0.45 0
208  1.70 7  0.40 0
203  4.10 5  0.35 0
200  0.21 4  0.31 0
0 0 13906 10
223  3.62 12  0.53 0
214  6.02 9  0.47 0
207  2.14 7  0.41 0
202  4.54 6  0.36 0
198  0.66 4  0.31 0
195  3.06 4  0.27 0
193  5.45 3  0.23 0
191  1.57 2  0.20 0
190  3.97 2  0.17 0
189  0.09 2  0.14 0
0 0 14614 9
252  2.85 30  0.65 0
242  5.25 23  0.62 0
234  1.37 18  0.59 0
225  3.77 14  0.56 0
217  6.17 11  0.51 0
162  2.28 2  0.00 22
162  4.68 2  0.00 22
162  0.80 2  0.00 22
162  3.20 2  0.00 22
0 0 15139 9
220  1.21 13  0.54 0
211  3.61 10  0.49 0
204  6.01 8  0.43 0
198  2.13 6  0.38 0
194  4.53 5  0.33 0
191  0.64 4  0.29 0
188  3.04 3  0.25 0
187  5.44 3  0.21 0
185  1.56 2  0.18 0
0 0 15604 4
249  3.68 32  0.65 0
240  6.08 25  0.63 0
231  2.20 19  0.60 0
223  4.59 15  0.57 0
0 0 16042 8
207  4.37 10  0.50 0
199  0.49 8  0.43 0
194  2.89 6  0.38 0
190  5.29 5  0.33 0
186  1.40 4  0.28 0
184  3.80 3  0.24 0
182  6.20 3  0.21 0
181  2.32 2  0.18 0
0 0 16569 6
207  4.54 11  0.51 0
199  0.66 8  0.45 0
193  3.06 7  0.40 0
188  5.46 5  0.35 0
185  1.57 4  0.30 0
182  3.97 3  0.26 0
0 0 16950 5
230  4.97 23  0.62 0
220  1.09 17  0.59 0
212  3.49 14  0.55 0
204  5.89 11  0.50 0
197  2.00 9  0.45 0
0 0 17526 3
207  2.99 13  0.54 0
198  5.39 10  0.48 0
191  1.50 8  0.43 0
0 0 18214 5
205  5.68 14  0.55 0
196  1.79 11  0.50 0
190  4.19 8  0.44 0
184  0.31 7  0.39 0
145  2.71 2  0.00 23
0 0 18712 11
166  1.82 0  0.00 0
166  4.22 0  0.00 0
166  0.34 0  0.00 0
166  2.74 0  0.00 0
166  5.14 0  0.00 0
166  1.25 0  0.00 0
166  3.65 0  0.00 0
143  6.05 2  0.00 23
143  2.17 2  0.00 23
143  4.57 2  0.00 23
143  0.68 2  0.00 23
0 0 19763 12
224  5.78 31  0.65 0
215  1.90 24  0.63 0
207  4.30 19  0.60 0
199  0.41 15  0.56 0
191  2.81 12  0.52 0
185  5.21 10  0.47 0
180  1.33 8  0.42 0
175  3.73 6  0.38 0
172  6.13 5  0.33 0
169  2.25 4  0.29 0
167  4.65 3  0.25 0
165  0.76 3  0.22 0
0 0 20480 7
224  5.27 35  0.65 0
215  1.39 27  0.64 0
206  3.79 21  0.61 0
199  6.19 17  0.58 0
191  2.30 13  0.54 0
185  4.70 11  0.50 0
179  0.82 9  0.45 0
0 0 20842 7
177  4.22 9  0.45 0
171  0.34 7  0.39 0
166  2.74 5  0.33 0
163  5.14 4  0.29 0
161  1.25 3  0.24 0
160  3.65 3  0.21 0
159  6.05 2  0.18 0
0 0 21173 6
205  2.59 23  0.62 0
195  4.99 17  0.58 0
187  1.10 13  0.54 0
180  3.50 11  0.49 0
175  5.90 9  0.44 0
170  2.02 7  0.39 0
0 0 21455 4
228  0.54 46  0.66 0
218  2.94 35  0.65 0
210  5.34 28  0.64 0
202  1.45 22  0.62 0
0 0 21898 6
221  1.83 41  0.66 0
211  4.23 31  0.65 0
203  0.34 25  0.63 0
196  2.74 20  0.60 0
188  5.14 16  0.57 0
181  1.26 13  0.53 0
0 0 22208 6
201  1.55 24  0.63 0
191  3.95 18  0.59 0
183  0.06 14  0.55 0
176  2.46 11  0.51 0
170  4.86 9  0.46 0
166  0.98 7  0.41 0
0 0 22361 17
207  0.50 30  0.64 0
198  2.90 23  0.62 0
190  5.30 18  0.59 0
182  1.42 14  0.55 0
176  3.82 12  0.51 0
170  6.22 9  0.46 0
165  2.34 7  0.41 0
161  4.74 6  0.37 0
158  0.85 5  0.32 0
155  3.25 4  0.28 0
154  5.65 3  0.24 0
124  1.77 2  0.00 24
124  4.17 2  0.00 24
124  0.28 2  0.00 24
124  2.68 2  0.00 24
124  5.08 2  0.00 24
124  1.20 2  0.00 24
0 0 22710 8
204  1.75 30  0.64 0
195  4.15 23  0.62 0
187  0.27 18  0.59 0
180  2.67 14  0.55 0
173  5.07 11  0.50 0
167  1.18 9  0.45 0
163  3.58 7  0.41 0
159  5.98 6  0.36 0
0 0 23029 3
187  4.73 19  0.59 0
178  0.85 14  0.55 0
171  3.25 11  0.50 0
0 0 23260 5
199  3.67 28  0.64 0
190  6.07 21  0.61 0
182  2.18 17  0.58 0
120  4.58 2  0.00 24
120  0.70 2  0.00 24
0 0 23669 4
151  4.99 5  0.33 0
148  1.11 4  0.27 0
146  3.51 3  0.23 0
145  5.91 2  0.19 0
0 0 23881 12
186  5.28 21  0.61 0
177  1.40 16  0.57 0
170  3.80 13  0.53 0
163  6.20 10  0.48 0
158  2.31 8  0.43 0
154  4.71 7  0.38 0
151  0.83 5  0.33 0
148  3.23 4  0.29 0
146  5.63 3  0.25 0
145  1.75 3  0.22 0
144  4.15 2  0.18 0
143  0.26 2  0.16 0
0 0 24419 9
206  4.60 42  0.66 0
196  0.72 32  0.65 0
189  3.12 26  0.63 0
181  5.52 20  0.60 0
174  1.63 16  0.57 0
167  4.03 13  0.53 0
162  0.15 11  0.49 0
113  2.55 2  0.00 25
113  4.95 2  0.00 25
0 0 25058 11
199  1.95 39  0.66 0
190  4.35 30  0.64 0
182  0.46 24  0.62 0
175  2.86 19  0.59 0
168  5.26 15  0.56 0
161  1.38 12  0.52 0
156  3.78 10  0.47 0
151  6.18 8  0.42 0
110  2.30 2  0.00 25
110  4.70 2  0.00 25
110  0.81 2  0.00 25
0 0 25535 12
132  0.43 0  0.00 0
132  2.83 0  0.00 0
132  5.23 0  0.00 0
132  1.35 0  0.00 0
132  3.75 0  0.00 0
132  6.14 0  0.00 0
107  2.26 2  0.00 25
107  4.66 2  0.00 25
107  0.78 2  0.00 25
107  3.18 2  0.00 25
107  5.58 2  0.00 25
107  1.69 2  0.00 25
0 0 26069 6
185  0.80 31  0.65 0
176  3.20 24  0.62 0
168  5.60 19  0.59 0
161  1.71 15  0.56 0
155  4.11 12  0.51 0
149  0.23 10  0.47 0
0 0 26692 8
180  2.00 31  0.64 0
172  4.40 24  0.62 0
164  0.52 19  0.59 0
157  2.92 15  0.56 0
151  5.32 12  0.51 0
146  1.44 10  0.47 0
141  3.84 8  0.42 0
138  6.24 6  0.37 0
0 0 27166 6
166  4.67 22  0.61 0
158  0.78 17  0.58 0
151  3.18 14  0.53 0
145  5.58 11  0.48 0
140  1.70 9  0.44 0
136  4.10 7  0.39 0
0 0 27562 5
185  2.31 42  0.66 0
176  4.71 33  0.65 0
168  0.83 26  0.63 0
161  3.23 21  0.60 0
155  5.63 17  0.57 0
0 0 27946 8
177  4.39 36  0.65 0
168  0.51 28  0.64 0
161  2.91 22  0.61 0
154  5.31 18  0.58 0
148  1.43 14  0.54 0
142  3.83 12  0.50 0
137  6.23 9  0.45 0
133  2.34 8  0.41 0
0 0 28399 9
170  3.87 33  0.65 0
162  6.27 26  0.63 0
155  2.39 20  0.60 0
148  4.79 16  0.57 0
142  0.90 13  0.52 0
136  3.30 11  0.48 0
132  5.70 9  0.43 0
128  1.82 7  0.38 0
126  4.22 6  0.34 0
0 0 28747 3
158  3.70 25  0.62 0
150  6.10 19  0.59 0
143  2.22 15  0.55 0
0 0 29108 10
165  5.32 33  0.65 0
157  1.43 26  0.63 0
150  3.83 20  0.60 0
143  6.23 16  0.57 0
137  2.35 13  0.52 0
132  4.75 11  0.48 0
128  0.87 9  0.43 0
124  3.27 7  0.38 0
121  5.67 6  0.34 0
119  1.78 5  0.30 0
0 0 29505 5
172  6.16 44  0.66 0
164  2.27 34  0.65 0
157  4.67 28  0.64 0
150  0.79 22  0.61 0
144  3.19 18  0.58 0
0 0 29951 4
145  2.42 21  0.60 0
137  4.82 16  0.56 0
131  0.94 13  0.51 0
125  3.34 10  0.47 0
0 0 30266 6
138  2.49 18  0.58 0
131  4.89 14  0.53 0
125  1.01 11  0.48 0
120  3.41 9  0.43 0
117  5.81 7  0.38 0
114  1.92 6  0.33 0
0 0 30732 9
103  1.63 0  0.00 0
103  4.03 0  0.00 0
103  0.15 0  0.00 0
103  2.55 0  0.00 0
75  4.95 2  0.00 28
75  1.07 2  0.00 28
75  3.47 2  0.00 28
75  5.87 2  0.00 28
75  1.98 2  0.00 28
0 0 31317 7
156  2.21 40  0.66 0
148  4.61 32  0.65 0
141  0.73 26  0.63 0
135  3.13 21  0.60 0
129  5.53 17  0.57 0
123  1.64 14  0.53 0
118  4.04 11  0.49 0
0 0 31760 3
144  1.35 31  0.65 0
136  3.75 25  0.63 0
130  6.15 20  0.60 0
0 0 32044 9
147  2.75 37  0.65 0
140  5.15 29  0.64 0
133  1.27 24  0.62 0
127  3.67 19  0.59 0
121  6.07 16  0.56 0
116  2.19 13  0.52 0
112  4.59 11  0.47 0
108  0.70 9  0.42 0
105  3.10 7  0.38 0
0 0 32318 9
119  2.62 16  0.56 0
113  5.02 12  0.50 0
108  1.14 10  0.45 0
104  3.54 8  0.40 0
101  5.94 6  0.35 0
99  2.05 5  0.30 0
97  4.45 4  0.26 0
96  0.57 3  0.22 0
95  2.97 3  0.19 0
0 0 32566 3
129  0.10 23  0.62 0
122  2.50 18  0.58 0
116  4.90 15  0.54 0
0 0 32934 5
137  1.20 33  0.65 0
130  3.60 27  0.64 0
124  6.00 22  0.61 0
118  2.12 18  0.58 0
112  4.52 15  0.54 0
0 0 33202 2
128  5.12 27  0.64 0
120  1.23 21  0.61 0
0 0 33524 11
122  5.07 24  0.62 0
115  1.19 19  0.59 0
109  3.59 15  0.55 0
104  5.99 12  0.50 0
100  2.10 10  0.46 0
96  4.50 8  0.41 0
93  0.62 7  0.36 0
91  3.02 5  0.32 0
90  5.42 4  0.27 0
89  1.54 4  0.24 0
88  3.94 3  0.20 0
0 0 33888 6
112  1.09 19  0.59 0
105  3.49 15  0.54 0
100  5.88 12  0.50 0
96  2.00 10  0.44 0
93  4.40 8  0.39 0
90  0.52 6  0.35 0
0 0 34289 7
109  5.07 19  0.59 0
102  1.19 15  0.55 0
97  3.59 12  0.50 0
93  5.98 10  0.45 0
90  2.10 8  0.40 0
87  4.50 6  0.35 0
85  0.62 5  0.30 0
0 0 34588 5
127  4.72 38  0.66 0
122  0.83 32  0.65 0
116  3.23 26  0.64 0
111  5.63 22  0.62 0
106  1.75 18  0.59 0
0 0 35116 6
108  0.67 24  0.63 0
102  3.07 19  0.60 0
97  5.47 16  0.56 0
92  1.58 13  0.51 0
88  3.98 10  0.47 0
85  0.10 9  0.42 0
0 0 35759 7
90  0.86 15  0.55 0
85  3.26 12  0.50 0
81  5.66 10  0.45 0
78  1.78 8  0.39 0
76  4.18 6  0.35 0
74  0.30 5  0.30 0
73  2.70 4  0.26 0
0 0 36228 11
105  2.60 30  0.65 0
99  5.00 25  0.64 0
95  1.12 21  0.62 0
90  3.52 17  0.59 0
86  5.92 15  0.55 0
82  2.03 12  0.51 0
78  4.43 10  0.46 0
43  0.55 2  0.00 23
43  2.95 2  0.00 23
43  5.35 2  0.00 23
43  1.47 2  0.00 23
0 0 36560 10
76  5.17 11  0.48 0
73  1.29 9  0.42 0
70  3.69 7  0.36 0
68  6.09 6  0.32 0
67  2.20 5  0.27 0
66  4.60 4  0.23 0
65  0.72 3  0.20 0
64  3.12 2  0.17 0
64  5.52 2  0.14 0
64  1.64 2  0.12 0
0 0 36895 8
92  3.16 23  0.64 0
87  5.56 19  0.62 0
83  1.68 16  0.58 0
79  4.08 14  0.54 0
75  0.20 12  0.50 0
72  2.60 10  0.45 0
69  4.99 8  0.40 0
67  1.11 7  0.36 0
0 0 37288 4
90  4.07 25  0.65 0
86  0.19 21  0.63 0
82  2.59 18  0.61 0
78  4.99 15  0.58 0
0 0 37564 4
71  6.24 13  0.54 0
67  2.36 10  0.48 0
64  4.76 9  0.43 0
62  0.87 7  0.38 0
0 0 37932 17
64  3.39 11  0.51 0
61  5.79 9  0.45 0
58  1.91 7  0.39 0
56  4.31 6  0.34 0
55  0.43 5  0.30 0
54  2.83 4  0.26 0
53  5.23 3  0.22 0
53  1.34 3  0.19 0
52  3.74 2  0.16 0
52  6.14 2  0.13 0
52  2.26 2  0.11 0
52  4.66 1  0.10 0
52  0.78 1  0.08 0
52  3.18 2  0.00 0
52  5.58 2  0.00 0
52  1.69 2  0.00 0
52  4.09 2  0.00 0
0 0 38477 1
75  2.06 22  0.66 0
0 0 38828 7
54  4.82 10  0.51 0
51  0.94 8  0.44 0
49  3.34 7  0.39 0
47  5.74 6  0.34 0
46  1.85 5  0.29 0
45  4.25 4  0.25 0
43  0.37 2  0.00 0
0 0 39234 3
62  4.19 18  0.66 0
59  0.31 16  0.64 0
57  2.71 14  0.62 0
0 0 39691 11
42  0.80 9  0.52 0
40  3.20 7  0.46 0
38  5.60 6  0.40 0
37  1.71 5  0.35 0
36  4.11 5  0.30 0
35  0.23 4  0.26 0
35  2.63 3  0.22 0
34  5.03 3  0.19 0
34  1.14 2  0.16 0
34  3.54 2  0.14 0
34  5.94 2  0.12 0
0 0 40060 7
29  0.98 0  0.00 0
29  3.38 0  0.00 0
29  5.78 0  0.00 0
29  1.90 0  0.00 0
29  4.30 0  0.00 0
29  0.42 2  0.00 0
29  2.82 2  0.00 0
0 0 40358 7
39  0.80 11  0.66 0
38  3.20 10  0.65 0
36  5.60 9  0.63 0
35  1.72 8  0.60 0
33  4.12 8  0.57 0
32  0.23 7  0.52 0
25  2.63 2  0.00 0
0 0 40671 2
32  5.20 10  0.66 0
31  1.32 9  0.65 0
0 0 41001 7
21  4.80 7  0.66 0
20  0.92 7  0.64 0
20  3.32 6  0.63 0
19  5.72 6  0.60 0
18  1.84 5  0.57 0
17  4.24 5  0.52 0
17  0.35 4  0.48 0
0 0 41239 11
0  5.76 6  0.65 0
8  1.87 5  0.64 0
7  4.27 5  0.62 0
6  0.39 4  0.58 0
7  2.79 4  0.55 0
7  5.19 4  0.50 0
6  1.31 2  0.00 0
6  3.71 2  0.00 0
6  6.11 2  0.00 0
6  2.22 2  0.00 0
6  4.62 2  0.00 0
2
0 0 0
0 0 41269
T1012718
28
0 0 0 138 138 0
0 0 492 129 129 0
0 0 1357 120 120 0
0 0 2422 114 114 0
0 0 3619 111 111 0
0 0 4905 109 109 0
0 0 6250 106 106 0
0 0 7635 103 103 0
0 0 9042 99 99 0
0 0 10459 96 96 0
0 0 11876 92 92 0
0 0 13285 87 87 0
0 0 14680 83 83 0
0 0 16055 79 79 0
0 0 17406 74 74 0
0 0 18731 70 70 0
0 0 20026 66 66 0
0 0 21289 61 61 0
0 0 22520 56 56 0
0 0 23718 52 52 0
0 0 24880 47 47 0
0 0 26008 42 42 0
0 0 27100 38 38 0
0 0 28414 31 31 0
0 0 29396 26 26 0
0 0 30327 20 20 0
0 0 31210 14 14 0
0 0 32043 0 0 0
95
0 0 70 12
158  0.34 10  0.50 0
152  2.74 7  0.44 0
148  5.14 6  0.38 0
144  1.25 5  0.33 0
142  3.65 4  0.29 0
140  6.05 3  0.25 0
139  2.17 2  0.21 0
138  4.57 2  0.18 0
138  0.69 2  0.15 0
137  3.09 1  0.13 0
137  5.49 1  0.11 0
137  1.60 1  0.09 0
0 0 185 5
175  5.91 19  0.61 0
167  2.02 14  0.57 0
160  4.42 11  0.53 0
155  0.54 9  0.48 0
150  2.94 7  0.43 0
0 0 276 1
149  2.66 7  0.44 0
0 0 391 5
166  4.65 16  0.59 0
158  0.77 12  0.54 0
152  3.17 9  0.49 0
147  5.57 7  0.44 0
143  1.68 6  0.39 0
0 0 486 3
174  5.82 22  0.63 0
165  1.94 17  0.60 0
159  4.34 13  0.56 0
0 0 751 7
151  2.42 12  0.53 0
145  4.82 9  0.48 0
140  0.93 7  0.42 0
136  3.33 5  0.37 0
133  5.73 4  0.32 0
131  1.85 3  0.28 0
130  4.25 3  0.24 0
0 0 1076 11
140  1.30 9  0.47 0
135  3.70 6  0.41 0
131  6.10 5  0.35 0
129  2.21 4  0.31 0
127  4.61 3  0.26 0
125  0.73 3  0.22 0
124  3.13 2  0.19 0
124  5.53 2  0.16 0
123  1.65 1  0.14 0
123  4.05 1  0.12 0
123  0.16 1  0.10 0
0 0 1345 5
146  1.37 12  0.54 0
140  3.77 9  0.49 0
135  6.17 7  0.43 0
131  2.29 6  0.38 0
128  4.69 5  0.33 0
0 0 1569 5
154  3.55 17  0.60 0
146  5.95 13  0.55 0
140  2.07 10  0.50 0
135  4.47 8  0.45 0
131  0.58 6  0.40 0
0 0 1771 5
131  2.23 7  0.42 0
127  4.63 5  0.36 0
124  0.75 4  0.31 0
122  3.15 3  0.26 0
120  5.55 3  0.22 0
0 0 1951 2
151  2.12 17  0.60 0
144  4.52 13  0.55 0
0 0 2216 6
124  1.02 5  0.35 0
121  3.42 4  0.30 0
119  5.82 3  0.25 0
118  1.94 2  0.21 0
117  4.34 2  0.18 0
116  0.45 2  0.15 0
0 0 2413 4
152  3.49 19  0.61 0
144  5.89 14  0.57 0
138  2.01 11  0.53 0
133  4.41 9  0.48 0
0 0 3128 5
131  2.03 9  0.48 0
125  4.43 7  0.42 0
122  0.55 5  0.36 0
119  2.95 4  0.31 0
117  5.35 3  0.27 0
0 0 3598 8
129  1.06 9  0.47 0
124  3.46 7  0.41 0
120  5.86 5  0.36 0
118  1.97 4  0.31 0
116  4.37 3  0.26 0
114  0.49 3  0.23 0
114  2.89 2  0.19 0
113  5.29 2  0.16 0
0 0 4369 8
134  5.83 12  0.53 0
128  1.94 9  0.48 0
123  4.34 7  0.42 0
120  0.46 6  0.37 0
117  2.86 4  0.32 0
115  5.26 4  0.28 0
113  1.38 3  0.24 0
112  3.78 2  0.21 0
0 0 4875 11
139  1.07 15  0.58 0
132  3.47 11  0.52 0
126  5.87 9  0.47 0
122  1.98 7  0.42 0
119  4.38 6  0.37 0
116  0.50 5  0.33 0
114  2.90 4  0.28 0
113  5.30 3  0.24 0
112  1.42 2  0.21 0
111  3.82 2  0.18 0
110  6.22 2  0.15 0
0 0 5688 9
133  4.76 13  0.55 0
127  0.87 10  0.49 0
122  3.27 8  0.44 0
118  5.67 6  0.39 0
115  1.79 5  0.34 0
113  4.19 4  0.29 0
111  0.31 3  0.25 0
110  2.71 3  0.22 0
109  5.10 2  0.19 0
0 0 6226 9
138  1.09 17  0.59 0
131  3.49 13  0.54 0
125  5.89 10  0.49 0
121  2.01 8  0.44 0
117  4.41 6  0.39 0
114  0.52 5  0.34 0
112  2.92 4  0.30 0
110  5.32 3  0.26 0
109  1.44 3  0.22 0
0 0 6576 8
111  3.51 4  0.28 0
109  5.91 3  0.23 0
108  2.03 2  0.19 0
107  4.43 2  0.16 0
106  0.54 1  0.13 0
106  2.94 1  0.11 0
106  5.34 1  0.09 0
106  1.46 1  0.08 0
0 0 6934 4
119  0.92 8  0.44 0
115  3.32 6  0.38 0
112  5.72 5  0.32 0
110  1.84 4  0.28 0
0 0 7320 9
114  1.02 6  0.38 0
110  3.42 4  0.32 0
108  5.82 3  0.27 0
107  1.93 3  0.23 0
106  4.33 2  0.19 0
105  0.45 2  0.16 0
105  2.85 1  0.14 0
104  5.25 1  0.11 0
104  1.36 1  0.10 0
0 0 7632 2
123  4.36 10  0.50 0
117  0.48 8  0.44 0
0 0 7906 9
128  5.14 14  0.55 0
122  1.26 10  0.50 0
117  3.66 8  0.45 0
113  6.06 6  0.39 0
110  2.18 5  0.34 0
108  4.58 4  0.30 0
107  0.69 3  0.26 0
105  3.09 3  0.22 0
104  5.49 2  0.19 0
0 0 8165 12
107  3.65 4  0.28 0
105  6.05 3  0.23 0
104  2.17 2  0.19 0
103  4.57 2  0.16 0
103  0.68 1  0.13 0
102  3.08 1  0.11 0
102  5.48 1  0.09 0
102  1.60 1  0.08 0
102  4.00 1  0.06 0
102  0.12 0  0.05 0
102  2.52 0  0.04 0
102  4.92 0  0.04 0
0 0 8411 5
120  6.09 10  0.49 0
114  2.21 7  0.43 0
111  4.61 6  0.37 0
108  0.73 5  0.32 0
106  3.13 4  0.28 0
0 0 8789 1
133  1.43 18  0.60 0
0 0 9027 6
139  3.72 23  0.63 0
131  6.12 17  0.59 0
125  2.24 14  0.55 0
120  4.64 11  0.51 0
115  0.75 9  0.46 0
111  3.15 7  0.41 0
0 0 9360 13
138  1.61 23  0.63 0
130  4.01 17  0.59 0
124  0.12 14  0.55 0
118  2.52 11  0.51 0
114  4.92 9  0.46 0
110  1.04 7  0.41 0
107  3.44 6  0.36 0
105  5.84 4  0.32 0
103  1.95 4  0.28 0
102  4.35 3  0.24 0
101  0.47 2  0.20 0
100  2.87 2  0.18 0
100  5.27 2  0.15 0
0 0 9739 5
128  5.60 17  0.59 0
121  1.72 13  0.54 0
116  4.12 10  0.49 0
111  0.24 8  0.44 0
91  2.64 2  0.00 7
0 0 10159 2
129  2.31 18  0.60 0
122  4.71 14  0.55 0
0 0 10441 7
116  4.66 11  0.51 0
110  0.78 8  0.45 0
106  3.18 7  0.40 0
104  5.58 5  0.35 0
101  1.70 4  0.30 0
100  4.10 3  0.26 0
99  0.21 3  0.22 0
0 0 10886 10
109  3.62 9  0.46 0
105  6.02 7  0.40 0
102  2.14 5  0.34 0
100  4.54 4  0.30 0
98  0.66 3  0.25 0
97  3.06 3  0.22 0
96  5.45 2  0.18 0
96  1.57 2  0.15 0
95  3.97 1  0.13 0
95  0.09 1  0.11 0
0 0 11441 9
122  2.85 17  0.58 0
115  5.25 13  0.54 0
110  1.37 10  0.49 0
106  3.77 8  0.44 0
103  6.17 6  0.39 0
86  2.28 2  0.00 7
86  4.68 2  0.00 7
86  0.80 2  0.00 7
86  3.20 2  0.00 7
0 0 11852 9
107  1.21 9  0.47 0
103  3.61 7  0.41 0
100  6.01 5  0.36 0
97  2.13 4  0.31 0
96  4.53 3  0.26 0
95  0.64 3  0.22 0
94  3.04 2  0.19 0
93  5.44 2  0.16 0
93  1.56 1  0.14 0
0 0 12220 4
121  3.68 18  0.59 0
114  6.08 13  0.55 0
109  2.20 11  0.50 0
104  4.59 8  0.45 0
0 0 12560 8
103  4.37 8  0.44 0
99  0.49 6  0.38 0
96  2.89 5  0.32 0
94  5.29 4  0.28 0
93  1.40 3  0.24 0
92  3.80 2  0.20 0
91  6.20 2  0.17 0
91  2.32 2  0.14 0
0 0 12974 6
102  4.54 8  0.45 0
98  0.66 6  0.39 0
95  3.06 5  0.33 0
93  5.46 4  0.29 0
92  1.57 3  0.24 0
91  3.97 3  0.21 0
0 0 13273 5
111  4.97 14  0.55 0
105  1.09 10  0.49 0
100  3.49 8  0.44 0
97  5.89 6  0.39 0
94  2.00 5  0.34 0
0 0 13726 3
101  2.99 9  0.47 0
97  5.39 7  0.41 0
94  1.50 5  0.35 0
0 0 14263 5
100  5.68 10  0.48 0
95  1.79 7  0.42 0
92  4.19 6  0.36 0
90  0.31 5  0.31 0
77  2.71 2  0.00 8
0 0 14650 11
83  1.82 0  0.00 0
83  4.22 0  0.00 0
83  0.34 0  0.00 0
83  2.74 0  0.00 0
83  5.14 0  0.00 0
83  1.25 0  0.00 0
83  3.65 0  0.00 0
75  6.05 2  0.00 8
75  2.17 2  0.00 8
75  4.57 2  0.00 8
75  0.68 2  0.00 8
0 0 15472 12
108  5.78 18  0.59 0
102  1.90 13  0.54 0
97  4.30 10  0.49 0
93  0.41 8  0.44 0
90  2.81 7  0.39 0
87  5.21 5  0.34 0
86  1.33 4  0.30 0
84  3.73 3  0.26 0
83  6.13 3  0.22 0
82  2.25 2  0.19 0
82  4.65 2  0.16 0
82  0.76 2  0.14 0
0 0 16037 7
108  5.27 19  0.60 0
102  1.39 15  0.56 0
96  3.79 11  0.51 0
92  6.19 9  0.46 0
89  2.30 7  0.41 0
86  4.70 6  0.36 0
84  0.82 5  0.32 0
0 0 16321 7
88  4.22 7  0.41 0
85  0.34 6  0.35 0
83  2.74 4  0.30 0
81  5.14 3  0.25 0
80  1.25 3  0.22 0
80  3.65 2  0.18 0
79  6.05 2  0.15 0
0 0 16580 6
98  2.59 14  0.54 0
92  4.99 10  0.49 0
88  1.10 8  0.43 0
85  3.50 6  0.38 0
83  5.90 5  0.33 0
82  2.02 4  0.29 0
0 0 16803 4
111  0.54 24  0.63 0
104  2.94 18  0.59 0
98  5.34 14  0.55 0
94  1.45 11  0.51 0
0 0 17148 6
107  1.83 22  0.62 0
100  4.23 17  0.58 0
95  0.34 13  0.53 0
90  2.74 10  0.49 0
87  5.14 8  0.44 0
84  1.26 7  0.39 0
0 0 17391 6
96  1.55 14  0.55 0
90  3.95 11  0.50 0
86  0.06 9  0.44 0
83  2.46 7  0.39 0
81  4.86 5  0.34 0
79  0.98 4  0.30 0
0 0 17504 17
100  0.50 17  0.58 0
93  2.90 13  0.53 0
89  5.30 10  0.48 0
85  1.42 8  0.43 0
82  3.82 6  0.38 0
80  6.22 5  0.33 0
78  2.34 4  0.29 0
77  4.74 3  0.25 0
76  0.85 3  0.21 0
76  3.25 2  0.18 0
75  5.65 2  0.16 0
66  1.77 2  0.00 9
66  4.17 2  0.00 9
66  0.28 2  0.00 9
66  2.68 2  0.00 9
66  5.08 2  0.00 9
66  1.20 2  0.00 9
0 0 17782 8
98  1.75 17  0.58 0
92  4.15 13  0.53 0
87  0.27 10  0.48 0
84  2.67 8  0.43 0
81  5.07 6  0.38 0
79  1.18 5  0.33 0
77  3.58 4  0.29 0
76  5.98 3  0.25 0
0 0 18036 3
90  4.73 12  0.51 0
85  0.85 9  0.45 0
81  3.25 7  0.40 0
0 0 18215 5
95  3.67 16  0.57 0
89  6.07 12  0.52 0
85  2.18 10  0.47 0
63  4.58 2  0.00 9
63  0.70 2  0.00 9
0 0 18536 4
77  4.99 6  0.35 0
75  1.11 4  0.30 0
74  3.51 3  0.25 0
73  5.91 3  0.21 0
0 0 18698 12
89  5.28 13  0.53 0
84  1.40 10  0.47 0
80  3.80 8  0.42 0
77  6.20 6  0.37 0
75  2.31 5  0.32 0
74  4.71 4  0.28 0
73  0.83 3  0.24 0
72  3.23 3  0.20 0
71  5.63 2  0.17 0
71  1.75 2  0.15 0
71  4.15 1  0.12 0
71  0.26 1  0.11 0
0 0 19121 9
100  4.60 23  0.62 0
93  0.72 17  0.58 0
88  3.12 14  0.54 0
83  5.52 11  0.49 0
80  1.63 9  0.44 0
77  4.03 7  0.39 0
75  0.15 6  0.35 0
60  2.55 2  0.00 9
60  4.95 2  0.00 9
0 0 19620 11
96  1.95 21  0.61 0
90  4.35 16  0.57 0
85  0.46 13  0.53 0
80  2.86 10  0.48 0
77  5.26 8  0.43 0
74  1.38 7  0.38 0
72  3.78 5  0.33 0
71  6.18 4  0.29 0
58  2.30 2  0.00 9
58  4.70 2  0.00 9
58  0.81 2  0.00 9
0 0 19993 12
66  0.43 1  0.06 0
66  2.83 0  0.05 0
66  5.23 0  0.04 0
66  1.35 0  0.03 0
66  3.75 0  0.03 0
66  6.14 0  0.02 0
56  2.26 2  0.00 9
56  4.66 2  0.00 9
56  0.78 2  0.00 9
56  3.18 2  0.00 9
56  5.58 2  0.00 9
56  1.69 2  0.00 9
0 0 20415 6
88  0.80 18  0.58 0
82  3.20 14  0.54 0
78  5.60 11  0.49 0
75  1.71 9  0.43 0
72  4.11 7  0.38 0
70  0.23 5  0.34 0
0 0 20902 8
86  2.00 18  0.58 0
80  4.40 14  0.53 0
76  0.52 11  0.49 0
73  2.92 9  0.43 0
70  5.32 7  0.38 0
68  1.44 5  0.34 0
66  3.84 4  0.29 0
65  6.24 4  0.25 0
0 0 21274 6
79  4.67 14  0.54 0
74  0.78 11  0.48 0
71  3.18 8  0.43 0
68  5.58 7  0.37 0
66  1.70 5  0.33 0
65  4.10 4  0.28 0
0 0 21585 5
90  2.31 23  0.62 0
83  4.71 18  0.58 0
78  0.83 14  0.54 0
74  3.23 11  0.49 0
70  5.63 9  0.44 0
0 0 21884 8
85  4.39 21  0.60 0
79  0.51 16  0.56 0
74  2.91 12  0.51 0
70  5.31 10  0.46 0
68  1.43 8  0.41 0
65  3.83 6  0.36 0
64  6.23 5  0.32 0
62  2.34 4  0.28 0
0 0 22238 9
82  3.87 19  0.59 0
76  6.27 15  0.54 0
71  2.39 11  0.50 0
68  4.79 9  0.44 0
65  0.90 7  0.39 0
63  3.30 6  0.35 0
62  5.70 5  0.30 0
61  1.82 4  0.26 0
60  4.22 3  0.22 0
0 0 22514 3
75  3.70 15  0.55 0
70  6.10 11  0.49 0
67  2.22 9  0.44 0
0 0 22793 10
79  5.32 19  0.59 0
73  1.43 15  0.54 0
69  3.83 12  0.50 0
66  6.23 9  0.44 0
63  2.35 7  0.39 0
61  4.75 6  0.35 0
59  0.87 5  0.30 0
58  3.27 4  0.26 0
58  5.67 3  0.22 0
57  1.78 3  0.19 0
0 0 23107 5
84  6.16 25  0.62 0
78  2.27 19  0.59 0
73  4.67 15  0.55 0
68  0.79 12  0.50 0
65  3.19 10  0.46 0
0 0 23457 4
69  2.42 13  0.52 0
64  4.82 10  0.47 0
61  0.94 8  0.41 0
59  3.34 6  0.36 0
0 0 23703 6
66  2.49 12  0.50 0
62  4.89 9  0.44 0
59  1.01 7  0.39 0
57  3.41 6  0.34 0
56  5.81 5  0.29 0
55  1.92 4  0.25 0
0 0 24066 9
51  1.63 2  0.13 0
51  4.03 1  0.11 0
51  0.15 1  0.09 0
51  2.55 1  0.07 0
39  4.95 2  0.00 11
39  1.07 2  0.00 11
39  3.47 2  0.00 11
39  5.87 2  0.00 11
39  1.98 2  0.00 11
0 0 24525 7
76  2.21 23  0.62 0
70  4.61 18  0.58 0
65  0.73 14  0.54 0
61  3.13 11  0.49 0
58  5.53 9  0.44 0
56  1.64 7  0.39 0
54  4.04 6  0.35 0
0 0 24874 3
69  1.35 19  0.59 0
63  3.75 14  0.54 0
59  6.15 11  0.49 0
0 0 25093 9
71  2.75 22  0.61 0
65  5.15 17  0.57 0
61  1.27 13  0.52 0
58  3.67 11  0.48 0
55  6.07 9  0.43 0
53  2.19 7  0.38 0
51  4.59 6  0.33 0
50  0.70 5  0.29 0
49  3.10 4  0.25 0
0 0 25307 9
57  2.62 11  0.48 0
53  5.02 8  0.42 0
51  1.14 7  0.37 0
49  3.54 5  0.32 0
48  5.94 4  0.27 0
47  2.05 3  0.23 0
47  4.45 3  0.20 0
46  0.57 2  0.17 0
46  2.97 2  0.14 0
0 0 25506 3
61  0.10 15  0.54 0
56  2.50 11  0.49 0
53  4.90 9  0.44 0
0 0 25793 5
66  1.20 20  0.60 0
61  3.60 16  0.56 0
56  6.00 13  0.51 0
53  2.12 10  0.46 0
51  4.52 8  0.41 0
0 0 26005 2
61  5.12 17  0.57 0
56  1.23 13  0.51 0
0 0 26251 11
58  5.07 15  0.55 0
53  1.19 12  0.49 0
50  3.59 9  0.44 0
48  5.99 8  0.39 0
46  2.10 6  0.34 0
45  4.50 5  0.30 0
44  0.62 4  0.26 0
43  3.02 3  0.22 0
43  5.42 3  0.19 0
42  1.54 2  0.16 0
42  3.94 2  0.13 0
0 0 26539 6
53  1.09 13  0.51 0
49  3.49 10  0.45 0
47  5.88 8  0.40 0
45  2.00 6  0.35 0
43  4.40 5  0.30 0
43  0.52 4  0.26 0
0 0 26853 7
51  5.07 13  0.51 0
48  1.19 10  0.45 0
45  3.59 8  0.40 0
43  5.98 6  0.35 0
42  2.10 5  0.30 0
41  4.50 4  0.26 0
40  0.62 3  0.22 0
0 0 27088 5
63  4.72 24  0.63 0
58  0.83 19  0.60 0
54  3.23 16  0.56 0
50  5.63 13  0.51 0
47  1.75 10  0.46 0
0 0 27352 9
39  4.57 4  0.27 0
38  0.68 3  0.22 0
37  3.08 3  0.19 0
37  5.48 2  0.16 0
37  1.60 2  0.13 0
37  4.00 1  0.11 0
37  0.12 1  0.09 0
28  2.52 2  0.00 9
28  4.92 2  0.00 9
0 0 27623 2
53  5.58 18  0.58 0
49  1.69 14  0.54 0
0 0 27821 6
49  3.23 15  0.56 0
45  5.63 12  0.50 0
42  1.74 10  0.45 0
40  4.14 8  0.40 0
39  0.26 6  0.35 0
37  2.66 5  0.30 0
0 0 28159 7
44  3.92 12  0.51 0
40  0.04 10  0.45 0
38  2.44 8  0.39 0
37  4.84 6  0.34 0
35  0.95 5  0.30 0
35  3.35 4  0.25 0
34  5.75 3  0.22 0
0 0 28402 5
50  5.96 18  0.59 0
45  2.08 14  0.55 0
42  4.48 12  0.50 0
39  0.59 10  0.45 0
37  2.99 8  0.40 0
0 0 29381 6
35  0.80 11  0.50 0
33  3.20 9  0.43 0
31  5.60 7  0.38 0
29  1.71 6  0.33 0
28  4.11 5  0.28 0
28  0.23 4  0.24 0
0 0 30312 6
29  5.78 11  0.52 0
27  1.90 9  0.46 0
25  4.30 7  0.41 0
24  0.42 6  0.36 0
23  2.82 5  0.31 0
22  5.22 4  0.27 0
0 0 30842 6
21  1.18 7  0.42 0
20  3.58 6  0.36 0
19  5.98 5  0.31 0
18  2.10 4  0.26 0
18  4.50 3  0.22 0
17  0.62 3  0.19 0
0 0 31192 7
18  1.10 6  0.45 0
17  3.50 6  0.39 0
16  5.90 5  0.33 0
16  2.02 4  0.29 0
15  4.42 3  0.25 0
15  0.53 3  0.21 0
15  2.93 3  0.18 0
0 0 31364 8
20  1.98 9  0.60 0
19  4.38 8  0.55 0
18  0.50 7  0.51 0
17  2.90 6  0.46 0
16  5.30 5  0.41 0
15  1.42 5  0.36 0
14  3.82 4  0.31 0
14  6.22 4  0.27 0
0 0 31525 7
16  2.46 6  0.51 0
14  4.86 5  0.45 0
14  0.97 5  0.40 0
11  3.37 2  0.00 0
11  5.77 2  0.00 0
11  1.89 2  0.00 0
11  4.29 2  0.00 0
0 0 31667 4
12  0.96 5  0.43 0
11  3.36 4  0.37 0
11  5.76 4  0.32 0
11  1.88 3  0.27 0
0 0 31878 6
8  4.74 3  0.38 0
8  0.86 3  0.32 0
8  3.26 3  0.27 0
7  5.66 2  0.23 0
7  1.78 2  0.20 0
7  4.18 2  0.17 0
0 0 32043 1
0  0.61 4  0.53 0
2
0 0 0
0 0 32043
